
===================== Span-Based Correction ======================
Category       TP       FP       FN       P        R        F0.5
ADJ:CASE       9        21       10       0.3      0.4737   0.3237
ADJ:Deg        1        1        1        0.5      0.5      0.5
ADJ:NUM        1        3        0        0.25     1.0      0.2941
ADJ:Sh/L       0        2        2        0.0      0.0      0.0
CK             11       0        26       1.0      0.2973   0.679
CONJ:WRONG     0        2        2        0.0      0.0      0.0
CONSTR         0        0        33       1.0      0.0      0.0
LACK           0        44       0        0.0      1.0      0.0
LETTER:CASE    35       0        19       1.0      0.6481   0.9021
MORPH          6        8        12       0.4286   0.3333   0.4054
MULTIMORPH     0        0        4        1.0      0.0      0.0
NCT            289      0        150      1.0      0.6583   0.906
NOUN:CASE      39       47       28       0.4535   0.5821   0.4745
NOUN:NUM       6        5        4        0.5455   0.6      0.5556
NUM:FORM       1        3        0        0.25     1.0      0.2941
ORDER          0        14       4        0.0      0.0      0.0
ORTH           157      33       45       0.8263   0.7772   0.816
OTHER          1        223      38       0.0045   0.0256   0.0053
PREP:WRONG     0        11       6        0.0      0.0      0.0
PRON:FORM      5        6        12       0.4545   0.2941   0.4098
PRON:WRONG     3        0        1        1.0      0.75     0.9375
PUNCT          0        235      0        0.0      1.0      0.0
REF            0        0        9        1.0      0.0      0.0
REP            6        0        40       1.0      0.1304   0.4286
TYPO           31       24       9        0.5636   0.775    0.5962
VERB:ASPECT    2        9        5        0.1818   0.2857   0.1961
VERB:FORM      0        7        2        0.0      0.0      0.0
VERB:P/N/G     13       4        3        0.7647   0.8125   0.7738
VERB:TENSE     0        1        2        0.0      0.0      0.0
YLE            4        0        7        1.0      0.3636   0.7407

=========== Span-Based Correction ============
TP	FP	FN	Prec	Rec	F0.5
620	703	474	0.4686	0.5667	0.4854
==============================================

